-46.947595433787029151062597520649433135986328125
38.88082285637552359958135639317333698272705078125
14.81271465806175768875618814490735530853271484375
-17.239284100431984114720762590877711772918701171875
40.2379816135147763134227716363966464996337890625
0.14362597232314300299549358896911144256591796875
17.69241715507438783561156014911830425262451171875
4.5136115888461745271342806518077850341796875
25.4556308085976894517443724907934665679931640625
45.70887554478948544556260458193719387054443359375
92.616781293944541175733320415019989013671875
76.9846356235740501006148406304419040679931640625
-66.961382817079680762617499567568302154541015625
-56.24224770193337263890498434193432331085205078125
10.08326379286669549628641107119619846343994140625
-42.57045725361752630533374031074345111846923828125
41.4042891349916573062728275544941425323486328125
-42.3201061746638771410289336927235126495361328125
-49.3871577387907478851047926582396030426025390625
-39.59432162339279415164128295145928859710693359375
32.3618091754742778221043408848345279693603515625
35.839473180389376238963450305163860321044921875
71.0742051625210677912036771886050701141357421875
20.2644575503719437392646796070039272308349609375
-49.5771384672703874230137444101274013519287109375
-87.06536636467723155874409712851047515869140625
-4.37257152380363578458855045028030872344970703125
-34.1217519665120363470123265869915485382080078125
98.8211237435513112359330989420413970947265625
-4.5211264353341675814590416848659515380859375
19.5927927502759899880402372218668460845947265625
-54.54151123340626128310759668238461017608642578125
-39.5888001918257970146441948600113391876220703125
40.69530776379399839015604811720550060272216796875
63.5091421086222140957033843733370304107666015625
-45.963631630102582903418806381523609161376953125
-62.9911973962428390905188280157744884490966796875
-56.24941949618756353856952046044170856475830078125
15.673155426266617951114312745630741119384765625
19.96489396272824734523965162225067615509033203125
-81.127628862107712848228402435779571533203125
68.2602768441596907678103889338672161102294921875
-63.2441686792923150051137781701982021331787109375
32.09098424978461849832456209696829319000244140625
3.88526321512988914719244348816573619842529296875
59.898097619004687430788180790841579437255859375
-57.25541363573491793204084387980401515960693359375
33.154266381276784159126691520214080810546875
-18.94643173209059483497185283340513706207275390625
-51.5563699774713057877306709997355937957763671875
-33.92395723298061938066894072107970714569091796875
34.73068883856002031507159699685871601104736328125
-68.9292160494626529043671325780451297760009765625
44.0009896209498236885337973944842815399169921875
24.37994674358846936002009897492825984954833984375
13.35365403660109251404719543643295764923095703125
29.5135292800083135489330743439495563507080078125
14.3794950984431437746025039814412593841552734375
-11.1086419205946214106006664223968982696533203125
-4.10223244209583981501054950058460235595703125
29.85805144065070493297753273509442806243896484375
12.390980126060423316403102944605052471160888671875
-68.6911788175094244479623739607632160186767578125
-78.6107188814278146082870080135762691497802734375
-27.5560097241983470439663506112992763519287109375
-22.62254608767949548564502038061618804931640625
-1.8296530094351481920966762118041515350341796875
31.2846634153600433592146146111190319061279296875
-50.2275668407171593798921094276010990142822265625
-46.94638601343608996785405906848609447479248046875
-18.442119325993271417019059299491345882415771484375
4.75842026252487215742803527973592281341552734375
-6.61171019341492183230002410709857940673828125
-43.98832688679848246238179854117333889007568359375
-67.1803895387557048479720833711326122283935546875
-48.936946266906687696973676793277263641357421875
23.98592211670904106313173542730510234832763671875
-24.11870374990230203593455371446907520294189453125
35.9699802962044685727960313670337200164794921875
-14.78726186199724423886436852626502513885498046875
-24.8277094933474700155784375965595245361328125
2.54659424225626906945763039402663707733154296875
0.3406372317527797122238553129136562347412109375
-76.3570277350727337761782109737396240234375
3.13935429123589671007721335627138614654541015625
0.018493801839866819136659614741802215576171875
62.781465178135960059080389328300952911376953125
-42.49522573431338656746447668410837650299072265625
-68.9666850208046326997646247036755084991455078125
-31.76022085425463359342757030390202999114990234375
8.1061536515946528425047290511429309844970703125
-48.641219270687400921815424226224422454833984375
93.4709980041781562931646476499736309051513671875
-8.077670209750326790754115791060030460357666015625
-2.23529738573164848958185757510364055633544921875
-56.90816759666913782211850048042833805084228515625
12.5670079958607487924382439814507961273193359375
23.33295816600391248130108579061925411224365234375
-13.9877054579302608772195526398718357086181640625
51.3670124942297974257598980329930782318115234375
75.2318399480269164314449881203472614288330078125
-0.900641478041933396525564603507518768310546875
51.72644499571512000102302408777177333831787109375
13.50819119359633901922279619611799716949462890625
-63.5713995704945915576900006271898746490478515625
-11.3805152810856498035718686878681182861328125
-2.70289464326497608226418378762900829315185546875
52.5309121159790350930052227340638637542724609375
-19.999926785868968437398507376201450824737548828125
-3.7663205088393851838191039860248565673828125
30.06687856791327106975586502812802791595458984375
3.718780703761009220897904015146195888519287109375
-8.7718544808125216150074265897274017333984375
-6.97976182240056886030288296751677989959716796875
32.4384852064516735481447540223598480224609375
-31.91924260209043495706282556056976318359375
43.29609584552525092249197768978774547576904296875
-17.4515125828263109042381984181702136993408203125
-15.21286018764413938697543926537036895751953125
-74.8410746780368327790711191482841968536376953125
18.39445811539807351664421730674803256988525390625
49.8477912442051120933683705516159534454345703125
6.7431805562720370517126866616308689117431640625
13.901587812272765631860238499939441680908203125
3.89485335077898753297631628811359405517578125
39.61865468854995242509176023304462432861328125
30.13395388998383594980623456649482250213623046875
86.6512178896535942840273492038249969482421875
-68.553312533194429079230758361518383026123046875
-28.85508650696606736119065317325294017791748046875
-78.809487744955958987702615559101104736328125
-7.877442023495031975244273780845105648040771484375
56.7326459696368345930750365369021892547607421875
22.16750786587942201322221080772578716278076171875
12.85646826268354203648414113558828830718994140625
-41.23314447536751714551428449340164661407470703125
-42.13959580354270428870222531259059906005859375
-7.587959230325960646723615354858338832855224609375
26.21218771644138456622386001981794834136962890625
-6.52807583214514153269192320294678211212158203125
-4.1583074327217985910465358756482601165771484375
69.64359458204074826426221989095211029052734375
-14.13492892726088001609241473488509654998779296875
4.591670258312870345207556965760886669158935546875
-49.51036197627256996156575041823089122772216796875
26.79632320462227568214075290597975254058837890625
36.6873025996195991638160194270312786102294921875
21.37478626249122015678949537687003612518310546875
7.497084672695532248098970740102231502532958984375
-30.33029989161070005820874939672648906707763671875
-42.5726879996522171722972416318953037261962890625
24.92493039734864623824250884354114532470703125
-25.83250419043298506949213333427906036376953125
-20.825474017145733540701257879845798015594482421875
-30.1116503420400221102681825868785381317138671875
-35.97042745579334876993016223423182964324951171875
-68.229196944323604157034424133598804473876953125
86.3793546595517653940987656824290752410888671875
91.8848671079673664507936337031424045562744140625
-76.722089003283457486759289167821407318115234375
47.82806544953329108693651505745947360992431640625
30.59188198230851440939659369178116321563720703125
11.57320586210010304739626008085906505584716796875
18.432514560965795880065343226306140422821044921875
-11.774808114816483595177487586624920368194580078125
36.7952435391346313053873018361628055572509765625
-22.458367009446220663448912091553211212158203125
-29.2982553263976654989164671860635280609130859375
-15.40884159329052494058487354777753353118896484375
21.52932435730237870075143291614949703216552734375
-32.56977448663186436306204996071755886077880859375
6.78378564224367863744191708974540233612060546875
29.99181797832127216452136053703725337982177734375
64.2897574049437707799370400607585906982421875
-16.3068859665083749632685794495046138763427734375
-1.614643989418848235573022975586354732513427734375
36.8015472605518567661420092917978763580322265625
15.27534483570676826502676703967154026031494140625
4.6686633692432906173053197562694549560546875
28.75920513799795941167758428491652011871337890625
-0.0692772787696043224059394560754299163818359375
76.621099425532293025753460824489593505859375
29.51752301562110147870043874718248844146728515625
-63.2194262645044062765009584836661815643310546875
-69.894461272379743377314298413693904876708984375
35.50854072581756071258496376685798168182373046875
-1.01872913017344757236060104332864284515380859375
-4.022089127242679751361720263957977294921875
-19.477395654726660012556749279610812664031982421875
3.84760366358710825807065702974796295166015625
16.03507448491931342005045735277235507965087890625
-40.9191951943809471003987709991633892059326171875
-18.05769161534616529252161853946745395660400390625
86.405518181108476483132108114659786224365234375
-18.7128282557988967482742737047374248504638671875
-68.7462871538621271838565007783472537994384765625
56.4004046920520778485297341831028461456298828125
44.73227144834219615177062223665416240692138671875
-43.1529886220682925568326027132570743560791015625
14.16277088062421540826107957400381565093994140625
46.6055002824417670126422308385372161865234375
23.13792583725952312079243711195886135101318359375
-67.953300523933506838147877715528011322021484375
72.1957178056831736512322095222771167755126953125
-2.9608133683699833227365161292254924774169921875
6.82523904616953558388559031300246715545654296875
-54.117387509587075555828050710260868072509765625
83.3019863299217604435398243367671966552734375
-43.20946825348405440081478445790708065032958984375
81.4331923002352908724787994287908077239990234375
-13.817423424561791733822246897034347057342529296875
36.25179272168537636389373801648616790771484375
-9.71647544373007576723466627299785614013671875
-61.20832604108232288808721932582557201385498046875
-39.34707615014131221187199116684496402740478515625
49.12747289712788045790148316882550716400146484375
-22.29054381679085139467133558355271816253662109375
-11.4897548287044202197648701258003711700439453125
-68.7178701621095342488843016326427459716796875
-45.58218616113553167679128819145262241363525390625
3.6559992606224653854951611720025539398193359375
76.1004133488761027592772734351456165313720703125
17.21624533619097263681396725587546825408935546875
29.9168441495795462969908840022981166839599609375
28.98010190467679336734363459981977939605712890625
41.50061205699862654228127212263643741607666015625
-13.00346804914021703325488488189876079559326171875
0.798110796108961295658446033485233783721923828125
-44.92315701833648944329979713074862957000732421875
27.4926721521252801494483719579875469207763671875
4.18874238537298282381016178987920284271240234375
67.7013808982498375144132296554744243621826171875
66.629544876409539710948592983186244964599609375
-19.882247778682796024440904147922992706298828125
-45.6316229949394909226612071506679058074951171875
36.0664394202486704443799681030213832855224609375
-83.3392390699037832746398635208606719970703125
19.59465236117697628515088581480085849761962890625
23.982120882898499303337302990257740020751953125
-39.52633993510692533845940488390624523162841796875
53.0018890458868412451920448802411556243896484375
64.938339010169642051550908945500850677490234375
47.48450573807721042385310283862054347991943359375
44.6717239560117604924016632139682769775390625
-33.966020391484335050336085259914398193359375
43.29044730590522505053741042502224445343017578125
13.09559780282499019676833995617926120758056640625
-40.13402654612580278126188204623758792877197265625
33.3562166630850214232850703410804271697998046875
29.66802292632751658629786106757819652557373046875
2.840254991820330587870557792484760284423828125
-30.050106827532317765871994197368621826171875
-74.0930350819311343002482317388057708740234375
-49.07810493672328533421023166738450527191162109375
30.01422186211294729218934662640094757080078125
13.78816505874839748457816313020884990692138671875
49.2516652363292593008736730553209781646728515625
8.90145128965016141364685609005391597747802734375
-60.7229745755431196130302851088345050811767578125
-1.53792952441174435307402745820581912994384765625
-21.3634160191873121448224992491304874420166015625
-56.00042300144666995720399427227675914764404296875
-60.98871653511986323792370967566967010498046875
19.092406024756417792787033249624073505401611328125
-14.5977304286083295892240130342543125152587890625
29.66584464439781498867887421511113643646240234375
30.7303380662233251996440230868756771087646484375
-1.43713314150846827033092267811298370361328125
45.787779974657240700253169052302837371826171875
-55.54848634712575261573874740861356258392333984375
-48.92049855695642435193803976289927959442138671875
74.0516698724507449469456332735717296600341796875
-25.57673879279415274368147947825491428375244140625
31.9052598343403843728083302266895771026611328125
27.90174305899945039755039033479988574981689453125
19.90138807563666745181762962602078914642333984375
9.97274903217842023650518967770040035247802734375
-28.66818385336546270991675555706024169921875
32.610380263247833454443025402724742889404296875
-35.0793626060855245896163978613913059234619140625
-29.7965658055428121997465495951473712921142578125
36.92205782695749149979747016914188861846923828125
2.879242647957227063670870848000049591064453125
48.45951384121595850729136145673692226409912109375
81.9873662748053675386472605168819427490234375
-1.747459792680473356085713021457195281982421875
39.77526317599711802586170961149036884307861328125
2.94568511036762714638825855217874050140380859375
-68.8863956838047641895173001103103160858154296875
27.7396926822860478978327591903507709503173828125
54.31697111332905336666954099200665950775146484375
-23.520556742923613313678288250230252742767333984375
17.0312124295966640374899725429713726043701171875
-58.559865162496549828574643470346927642822265625
-3.3965572563048311849343008361756801605224609375
-30.532061235905995744133178959600627422332763671875
25.88265661377607784743304364383220672607421875
12.352002069756082391904783435165882110595703125
-4.375067165920853540228563360869884490966796875
56.4885886804675152461641118861734867095947265625
-5.13019616171801118298390065319836139678955078125
72.5603420334555124782127677462995052337646484375
1.224909075345994580175101873464882373809814453125
51.880328466107613394342479296028614044189453125
7.4442558454386897892618435434997081756591796875
26.1470520090739029228643630631268024444580078125
22.694427685132041005999781191349029541015625
59.30114949419795067342420225031673908233642578125
37.52823537751250881910891621373593807220458984375
-29.5594966549991937654340290464460849761962890625
31.2517080554242596690528444014489650726318359375
0.31942773336552221508100046776235103607177734375
46.99729289822578692792376386933028697967529296875
-29.1163416985861402963564614765346050262451171875
16.6410149657175594484215253032743930816650390625
94.057995896838150429175584577023983001708984375
-20.44739629146726400676925550214946269989013671875
66.1921028313837922496531973592936992645263671875
-9.8053598077906229946165694855153560638427734375
-10.4295034412825913250344456173479557037353515625
-64.2648964631151358162242104299366474151611328125
9.073693064049610512711296905763447284698486328125
61.67840558515712245934992097318172454833984375
5.0376810012634223312488757073879241943359375
0.9662954944173094418147229589521884918212890625
88.5616698801786839112537563778460025787353515625
65.5797746012768811851856298744678497314453125
78.2700342045624068987308419309556484222412109375
-3.25129246327967535989955649711191654205322265625
-5.97915554474177923793831723742187023162841796875
-41.1253699589843932926669367589056491851806640625
19.604084062948430755568551830947399139404296875
-21.31667039856200318581613828428089618682861328125
76.0650665771291158989697578363120555877685546875
-39.20881199562426644433799083344638347625732421875
16.43953562354794684097214485518634319305419921875
54.9619609128217945226424490101635456085205078125
50.04426072820371729221733403392136096954345703125
53.246342326507630104970303364098072052001953125
-65.2475467782415847750598913989961147308349609375
-5.3726186778116442610553349368274211883544921875
-28.754906241340496109160085325129330158233642578125
7.719685669778499459425802342593669891357421875
-46.85391710727403591363326995633542537689208984375
-18.69542349341145381913520395755767822265625
10.4161586470730043174626189284026622772216796875
72.3549347164165652657175087369978427886962890625
-5.982406695627247472657472826540470123291015625
5.363702812902005234718671999871730804443359375
17.11569320681088157698468421585857868194580078125
90.9175877632885232060289126820862293243408203125
18.9539166330372381708002649247646331787109375
56.2059048719291922679985873401165008544921875
44.881934811057277556756162084639072418212890625
27.8174181392972741377889178693294525146484375
2.84042428041316696862850221805274486541748046875
-24.70254579693277463547929073683917522430419921875
5.17025758362492382502750842832028865814208984375
-66.1397791947092485997927724383771419525146484375
12.24571389719363878612057305872440338134765625
42.5900477776309571709134615957736968994140625
-24.0528751262178701608718256466090679168701171875
-23.11852502377414708689684630371630191802978515625
-32.8907190727253322393153212033212184906005859375
-88.98820553891295048742904327809810638427734375
12.619236898530093782255789847113192081451416015625
62.0540266185353175387717783451080322265625
-28.081355582744290444452417432330548763275146484375
-28.146943285473678741936964797787368297576904296875
-28.87009264234085748057623277418315410614013671875
-46.35435407684212094636677647940814495086669921875
31.3224152916246652011977857910096645355224609375
15.70437317486324246829099138267338275909423828125
-17.74636270244453584155053249560296535491943359375
-19.88761631693825648881102097220718860626220703125
4.95908474244426855648271157406270503997802734375
-34.19386164049890197702552541159093379974365234375
27.66801913606303031656352686695754528045654296875
-15.04861655720333146746270358562469482421875
-9.2374913250811374609838821925222873687744140625
-39.6562028524348306746105663478374481201171875
17.38042063793449898412291076965630054473876953125
46.2174366582429314576074830256402492523193359375
27.51568340761509290359754231758415699005126953125
-74.2476680260387098542196326889097690582275390625
7.51071996852326861926485435105860233306884765625
-2.400966258725560464881709776818752288818359375
14.265195139635689969281884259544312953948974609375
-41.27129098055895184415930998511612415313720703125
-3.8246462767318547548711649142205715179443359375
46.2968954659431659592883079312741756439208984375
4.26596911253733424018719233572483062744140625
-38.0125167878558301026714616455137729644775390625
18.507055906904181341587900533340871334075927734375
-10.5651036112110290332566364668309688568115234375
12.191832291122665310467709787189960479736328125
1.62125444204167479256284423172473907470703125
-28.5406390072698883386692614294588565826416015625
46.834946643420352074826951138675212860107421875
31.6087462245076267208787612617015838623046875
77.2623796386894383658727747388184070587158203125
-40.35728688252226703525593620724976062774658203125
75.4290766310548548290171311236917972564697265625
-15.6176280203382162881098338402807712554931640625
26.55752928725548400734624010510742664337158203125
-71.652313841008009376309928484261035919189453125
64.49631089578252840510685928165912628173828125
3.285868661589603334505227394402027130126953125
-11.2009269620860294480735319666564464569091796875
-7.77603743928336399449108284898102283477783203125
-36.80561151889043713936189305968582630157470703125
-26.59012087074734864700076286680996417999267578125
-21.947682816616964629474750836379826068878173828125
52.7433548420636242326509091071784496307373046875
-56.4107397629122004900636966340243816375732421875
60.88985783209415814098974806256592273712158203125
39.5993510417090561759323463775217533111572265625
11.0598365906354274557088501751422882080078125
-28.6119693463033399893902242183685302734375
44.80469560494729108768297010101377964019775390625
-10.041233450645876246198895387351512908935546875
21.64484041051264284760691225528717041015625
-39.9554592601417795094675966538488864898681640625
11.66243558697498627907407353632152080535888671875
-60.459596303025506358608254231512546539306640625
67.253186177221806474335608072578907012939453125
73.533857651665670118745765648782253265380859375
-40.83014216585981870366595103405416011810302734375
-47.175181962417951808674843050539493560791015625
8.229641558947349722075159661471843719482421875
19.47817855159950539700730587355792522430419921875
-19.367243996903116709518144489265978336334228515625
9.78706224323267548470539622940123081207275390625
71.42234191468259041357669048011302947998046875
20.37731390684611909591694711707532405853271484375
-17.533553096876378418755848542787134647369384765625
-22.32790111642594865770661272108554840087890625
8.20437980453642268230396439321339130401611328125
10.92632282869939075453658006154000759124755859375
34.01136154514966136730436119250953197479248046875
20.935308709373057212133062421344220638275146484375
-24.16809110477239386227665818296372890472412109375
-68.192588066363811094561242498457431793212890625
-62.2385624161989170488595846109092235565185546875
-8.62112250453245820835945778526365756988525390625
-68.34530152480721199026447720825672149658203125
6.52147442182863557036398560740053653717041015625
-1.87282306270757459287779056467115879058837890625
